00400393
0003a403
00000493
00100513
00000317
01c300e7
00c00813
00b82023
00082583
00000013
03c000ef
00040613
40a406b3
02068463
00000713
00068793
00078863
00c70733
40a787b3
ff5ff06f
00070613
40a686b3
fddff06f
00060493
00008067
00000013
00000317
ffc30067
00000000
00000000
00000000
00000000
00000000
00000000
00000000
00000000
00000000
00000000
00000000
00000000
00000000
00000000
00000000
00000000
00000000
00000000
00000000
00000000
00000000
00000000
00000000
00000000
00000000
00000000
00000000
00000000
00000000
00000000
00000000
00000000
00000000
00000000
00000000
00000000